NE = 1000  TE = 1000  CASE A  NC = 250  FF  CMB
------------------------------------------------
  2  2.055e-12    3  3.257e-09    4  8.857e-06    5  4.122e-04    6  3.523e-03    7  1.319e-02    8  3.151e-02    9  5.762e-02   10  8.906e-02   11  1.231e-01  
 12  1.577e-01   13  1.912e-01   14  2.228e-01   15  2.519e-01   16  2.785e-01   17  3.024e-01   18  3.237e-01   19  3.426e-01   20  3.592e-01   21  3.736e-01  
 22  3.860e-01   23  3.965e-01   24  4.053e-01   25  4.124e-01   26  4.179e-01   27  4.219e-01   28  4.245e-01   29  4.260e-01   30  4.264e-01   31  4.258e-01  
 32  4.246e-01   33  4.229e-01   34  4.209e-01   35  4.189e-01   36  4.171e-01   37  4.156e-01   38  4.147e-01   39  4.145e-01   40  4.151e-01   41  4.166e-01  
 42  4.192e-01   43  4.228e-01   44  4.276e-01   45  4.336e-01   46  4.409e-01   47  4.493e-01   48  4.591e-01   49  4.700e-01   50  4.821e-01   51  4.953e-01  
 52  5.095e-01   53  5.246e-01   54  5.405e-01   55  5.570e-01   56  5.740e-01   57  5.914e-01   58  6.090e-01   59  6.266e-01   60  6.442e-01   61  6.616e-01  
 62  6.787e-01   63  6.954e-01   64  7.116e-01   65  7.273e-01   66  7.425e-01   67  7.570e-01   68  7.709e-01   69  7.842e-01   70  7.968e-01   71  8.088e-01  
 72  8.202e-01   73  8.309e-01   74  8.410e-01   75  8.506e-01   76  8.595e-01   77  8.680e-01   78  8.759e-01   79  8.834e-01   80  8.903e-01   81  8.969e-01  
 82  9.030e-01   83  9.088e-01   84  9.142e-01   85  9.192e-01   86  9.239e-01   87  9.283e-01   88  9.325e-01   89  9.364e-01   90  9.400e-01   91  9.434e-01  
 92  9.466e-01   93  9.496e-01   94  9.524e-01   95  9.550e-01   96  9.574e-01   97  9.598e-01   98  9.619e-01   99  9.640e-01  100  9.659e-01  101  9.677e-01  
102  9.694e-01  103  9.709e-01  104  9.724e-01  105  9.738e-01  106  9.752e-01  107  9.764e-01  108  9.776e-01  109  9.787e-01  110  9.797e-01  111  9.807e-01  
112  9.816e-01  113  9.825e-01  114  9.833e-01  115  9.841e-01  116  9.848e-01  117  9.855e-01  118  9.862e-01  119  9.868e-01  120  9.874e-01  121  9.880e-01  
122  9.885e-01  123  9.890e-01  124  9.895e-01  125  9.899e-01  126  9.904e-01  127  9.908e-01  128  9.912e-01  129  9.915e-01  130  9.919e-01  131  9.922e-01  
132  9.925e-01  133  9.928e-01  134  9.931e-01  135  9.934e-01  136  9.937e-01  137  9.939e-01  138  9.941e-01  139  9.944e-01  140  9.946e-01  141  9.948e-01  
142  9.950e-01  143  9.952e-01  144  9.953e-01  145  9.955e-01  146  9.957e-01  147  9.958e-01  148  9.960e-01  149  9.961e-01  150  9.963e-01  151  9.964e-01  
152  9.965e-01  153  9.966e-01  154  9.968e-01  155  9.969e-01  156  9.970e-01  157  9.971e-01  158  9.972e-01  159  9.973e-01  160  9.973e-01  161  9.974e-01  
162  9.975e-01  163  9.976e-01  164  9.977e-01  165  9.977e-01  166  9.978e-01  167  9.979e-01  168  9.979e-01  169  9.980e-01  170  9.981e-01  171  9.981e-01  
172  9.982e-01  173  9.982e-01  174  9.983e-01  175  9.983e-01  176  9.984e-01  177  9.984e-01  178  9.985e-01  179  9.985e-01  180  9.986e-01  181  9.986e-01  
182  9.986e-01  183  9.987e-01  184  9.987e-01  185  9.987e-01  186  9.988e-01  187  9.988e-01  188  9.988e-01  189  9.989e-01  190  9.989e-01  191  9.989e-01  
192  9.989e-01  193  9.990e-01  194  9.990e-01  195  9.990e-01  196  9.990e-01  197  9.991e-01  198  9.991e-01  199  9.991e-01  200  9.991e-01  201  9.991e-01  
202  9.992e-01  203  9.992e-01  204  9.992e-01  205  9.992e-01  206  9.992e-01  207  9.993e-01  208  9.993e-01  209  9.993e-01  210  9.993e-01  211  9.993e-01  
212  9.993e-01  213  9.993e-01  214  9.994e-01  215  9.994e-01  216  9.994e-01  217  9.994e-01  218  9.994e-01  219  9.994e-01  220  9.994e-01  221  9.994e-01  
222  9.994e-01  223  9.994e-01  224  9.995e-01  225  9.995e-01  226  9.995e-01  227  9.995e-01  228  9.995e-01  229  9.995e-01  230  9.995e-01  231  9.995e-01  
232  9.995e-01  233  9.995e-01  234  9.995e-01  235  9.995e-01  236  9.995e-01  237  9.996e-01  238  9.996e-01  239  9.996e-01  240  9.996e-01  241  9.996e-01  
242  9.996e-01  243  9.996e-01  244  9.996e-01  245  9.996e-01  246  9.996e-01  247  9.996e-01  248  9.996e-01  249  9.996e-01  250  9.996e-01  251  9.996e-01  
252  9.996e-01  253  9.996e-01  254  9.996e-01  255  9.996e-01  256  9.997e-01  257  9.997e-01  258  9.997e-01  259  9.997e-01  260  9.997e-01  261  9.997e-01  
262  9.997e-01  263  9.997e-01  264  9.997e-01  265  9.997e-01  266  9.997e-01  267  9.997e-01  268  9.997e-01  269  9.997e-01  270  9.997e-01  271  9.997e-01  
272  9.997e-01  273  9.998e-01  274  9.998e-01  275  9.998e-01  276  9.998e-01  277  9.998e-01  278  9.998e-01  279  9.998e-01  280  9.998e-01  281  9.998e-01  
282  9.998e-01  283  9.998e-01  284  9.998e-01  285  9.998e-01  286  9.998e-01  287  9.998e-01  288  9.998e-01  289  9.998e-01  290  9.998e-01  291  9.998e-01  
292  9.998e-01  293  9.998e-01  294  9.998e-01  295  9.998e-01  296  9.998e-01  297  9.998e-01  298  9.998e-01  299  9.998e-01  300  9.999e-01  301  9.999e-01  
302  9.999e-01  303  9.999e-01  304  9.999e-01  305  9.999e-01  306  9.999e-01  307  9.999e-01  308  9.999e-01  309  9.999e-01  310  9.999e-01  311  9.999e-01  
312  9.999e-01  313  9.999e-01  314  9.999e-01  315  9.999e-01  316  9.999e-01  317  9.999e-01  318  9.999e-01  319  9.999e-01  320  9.999e-01  321  9.999e-01  
322  9.999e-01  323  9.999e-01  324  9.999e-01  325  9.999e-01  326  9.999e-01  327  9.999e-01  328  9.999e-01  329  9.999e-01  330  9.999e-01  331  9.999e-01  
332  9.999e-01  333  9.999e-01  334  9.999e-01  335  9.999e-01  336  9.999e-01  337  9.999e-01  338  9.999e-01  339  9.999e-01  340  9.999e-01  341  9.999e-01  
342  9.999e-01  343  9.999e-01  344  9.999e-01  345  9.999e-01  346  9.999e-01  347  9.999e-01  348  9.999e-01  349  9.999e-01  350  9.999e-01  351  9.999e-01  
352  9.999e-01  353  9.999e-01  354  9.999e-01  355  9.999e-01  356  9.999e-01  357  9.999e-01  358  9.999e-01  359  9.999e-01  360  9.999e-01  361  9.999e-01  
362  9.999e-01  363  9.999e-01  364  9.999e-01  365  9.999e-01  366  9.999e-01  367  9.999e-01  368  9.999e-01  369  9.999e-01  370  9.999e-01  371  9.999e-01  
372  9.999e-01  373  1.000e+00  374  1.000e+00  375  1.000e+00  376  1.000e+00  377  1.000e+00  378  1.000e+00  379  1.000e+00  380  1.000e+00  381  1.000e+00  
382  1.000e+00  383  1.000e+00  384  1.000e+00  385  1.000e+00  386  1.000e+00  387  1.000e+00  388  1.000e+00  389  1.000e+00  390  1.000e+00  391  1.000e+00  
392  1.000e+00  393  1.000e+00  394  1.000e+00  395  1.000e+00  396  1.000e+00  397  1.000e+00  398  1.000e+00  399  1.000e+00  400  1.000e+00  401  1.000e+00  
402  1.000e+00  403  1.000e+00  404  1.000e+00  405  1.000e+00  406  1.000e+00  407  1.000e+00  408  1.000e+00  409  1.000e+00  410  1.000e+00  411  1.000e+00  
412  1.000e+00  413  1.000e+00  414  1.000e+00  415  1.000e+00  416  1.000e+00  417  1.000e+00  418  1.000e+00  419  1.000e+00  420  1.000e+00  421  1.000e+00  
422  1.000e+00  423  1.000e+00  424  1.000e+00  425  1.000e+00  426  1.000e+00  427  1.000e+00  428  1.000e+00  429  1.000e+00  430  1.000e+00  431  1.000e+00  
432  1.000e+00  433  1.000e+00  434  1.000e+00  435  1.000e+00  436  1.000e+00  437  1.000e+00  438  1.000e+00  439  1.000e+00  440  1.000e+00  441  1.000e+00  
442  1.000e+00  443  1.000e+00  444  1.000e+00  445  1.000e+00  446  1.000e+00  447  1.000e+00  448  1.000e+00  449  1.000e+00  450  1.000e+00  451  1.000e+00  
452  1.000e+00  453  1.000e+00  454  1.000e+00  455  1.000e+00  456  1.000e+00  457  1.000e+00  458  1.000e+00  459  1.000e+00  460  1.000e+00  461  1.000e+00  
462  1.000e+00  463  1.000e+00  464  1.000e+00  465  1.000e+00  466  1.000e+00  467  1.000e+00  468  1.000e+00  469  1.000e+00  470  1.000e+00  471  1.000e+00  
472  1.000e+00  473  1.000e+00  474  1.000e+00  475  1.000e+00  476  1.000e+00  477  1.000e+00  478  1.000e+00  479  1.000e+00  480  1.000e+00  481  1.000e+00  
482  1.000e+00  483  1.000e+00  484  1.000e+00  485  1.000e+00  486  1.000e+00  487  1.000e+00  488  1.000e+00  489  1.000e+00  490  1.000e+00  491  1.000e+00  